32 36 70
36 32 70
32 57 30
57 32 30
57 76 45
76 57 45
32 76 80
76 32 80
32 68 110
68 32 110
76 68 72
68 76 72
68 66 51
66 68 51
68 56 80
56 68 80
66 56 40
56 66 40
76 66 130
66 76 130
56 18 35
18 56 35
56 16 30
16 56 30
36 26 34
26 36 34
24 13 35
13 24 35
36 34 25
34 36 25
32 16 100
16 32 100
32 12 100
12 32 100
26 16 45
16 26 45
26 12 30
12 26 30
26 24 25
24 26 25
16 8 25
8 16 25
34 24 27
24 34 27
24 12 33
12 24 33
12 4 56
4 12 56
8 6 39
6 8 39
39 37 32
37 39 32
39 13 70
13 39 70
31 13 30
13 31 30
8 4 47
4 8 47
6 2 41
2 6 41
2 14 51
14 2 51
2 4 36
4 2 36
14 50 50
50 14 50
4 10 47
10 4 47
2 10 70
10 2 70
10 3 32
3 10 32
4 3 60
3 4 60
2 3 70
3 2 70
2 1 75
1 2 75
4 1 80
1 4 80
3 1 36
1 3 36
5 1 32
1 5 32
7 5 20
5 7 20
7 3 25
3 7 25
13 10 30
10 13 30
9 13 40
13 9 40
9 7 20
7 9 20
4 9 100
9 4 100
34 38 25
38 34 25
38 39 34
37 31 27
31 37 27
37 35 29
35 37 29
35 33 25
33 35 25
33 9 29
9 33 29
32 46 90
46 32 90
32 48 80
48 32 80
46 36 80
36 46 80
48 36 100
36 48 100
46 48 25
48 46 25
32 66 200
66 32 200
32 56 10
56 32 10
54 56 40
54 66 45
54 18 20
18 54 20
54 62 20
62 54 20
62 64 30
64 62 30
54 14 70
54 50 80
50 14 25
14 50 25
